$ 1 0.00019999999999999998 0.529449005047003 50 5 43 5e-11
r 288 224 288 160 0 10000
401 192 224 288 224 1 8\s15\s-15\s1000000\s4.999999999999871\s4.2325\s100000 0\s20\s10000000000 1\s0
R 288 160 288 144 0 0 40 5 0 0 0.5
R 288 272 288 256 0 0 40 5 0 0 0.5
401 192 336 288 336 1 8\s15\s-15\s1000000\s0.6190000000000001\s4.999999999999871\s100000 0\s20\s10000000000 1\s0
r 288 336 288 272 0 10000
152 352 272 432 272 0 2 5 5
w 288 224 352 224 0
w 352 224 352 256 0
w 288 336 352 336 0
w 352 336 352 288 0
w 192 240 176 240 0
w 176 240 176 320 0
w 176 320 192 320 0
w 176 240 64 240 0
r 64 240 64 176 0 100000
s 336 -304 448 -304 0 0 false
174 304 -272 336 -336 1 10000 0.32180000000000003 BSE_IN
R 304 -384 304 -400 0 0 40 5 0 0 0.5
s 304 -384 304 -336 0 0 false
s 304 -272 304 -224 0 0 false
g 304 -224 304 -208 0 0
207 192 208 144 208 4 BSE_HIGH
207 192 352 144 352 4 BSE_LOW
R 64 176 64 160 0 0 40 5 0 0 0.5
174 -256 272 -224 208 1 10000 0.8465 BSE_HIGH
R -256 208 -256 192 0 0 40 5 0 0 0.5
g -256 272 -256 288 0 0
207 64 240 32 240 4 BSE_IN
207 512 -416 544 -416 4 BSE_IN
207 -224 240 -176 240 4 BSE_HIGH
207 -224 368 -176 368 4 BSE_LOW
g -256 400 -256 416 0 0
R -256 336 -256 320 0 0 40 5 0 0 0.5
174 -256 400 -224 336 1 10000 0.12380000000000002 BSE_LOW
207 688 -304 720 -304 4 TPS_IN
g 544 -224 544 -208 0 0
s 544 -272 544 -224 0 0 false
s 544 -384 544 -336 0 0 false
R 544 -384 544 -400 0 0 40 5 0 0 0.5
174 544 -272 576 -336 1 10000 0.6584000000000001 TPS_IN
s 576 -304 688 -304 0 0 false
207 64 704 32 704 4 TPS_IN
R 64 640 64 624 0 0 40 5 0 0 0.5
207 192 816 144 816 4 TPS_LOW
207 192 672 144 672 4 TPS_HIGH
r 64 704 64 640 0 330000
w 176 704 64 704 0
w 176 784 192 784 0
w 176 704 176 784 0
w 192 704 176 704 0
w 352 800 352 752 0
w 288 800 352 800 0
w 352 688 352 720 0
w 288 688 352 688 0
152 352 736 432 736 0 2 0 5
r 288 800 288 736 0 10000
401 192 800 288 800 1 8\s15\s-15\s1000000\s0.6190000000000001\s3.3035619675115657\s100000 0\s20\s10000000000 1\s0
R 288 736 288 720 0 0 40 5 0 0 0.5
R 288 624 288 608 0 0 40 5 0 0 0.5
401 192 688 288 688 1 8\s15\s-15\s1000000\s3.3035619675115657\s4.0345\s100000 0\s20\s10000000000 1\s0
r 288 688 288 624 0 10000
r 288 448 288 384 0 10000
401 192 448 288 448 1 8\s15\s-15\s1000000\s4.999999999999871\s2.9455000000000005\s100000 0\s20\s10000000000 1\s0
R 288 384 288 368 0 0 40 5 0 0 0.5
401 192 560 288 560 1 8\s15\s-15\s1000000\s3.3035619675115657\s2.8465000000000003\s100000 0\s20\s10000000000 1\s0
w 288 448 352 448 0
w 288 560 288 448 0
207 352 448 384 448 4 Value\sError
152 496 496 576 496 0 2 5 5
w 432 272 464 272 0
w 464 272 464 480 0
w 464 480 496 480 0
w 496 512 464 512 0
w 464 512 464 736 0
w 464 736 432 736 0
207 576 496 608 496 4 Sensor\sError
174 -256 528 -224 464 1 10000 0.5891000000000001 BSE_THRESH
R -256 464 -256 448 0 0 40 5 0 0 0.5
g -256 528 -256 544 0 0
207 -224 496 -176 496 4 BSE_THRESH
207 -224 880 -176 880 4 TPS_THRESH
g -256 912 -256 928 0 0
R -256 848 -256 832 0 0 40 5 0 0 0.5
174 -256 912 -224 848 1 10000 0.5693 TPS_THRESH
174 -256 784 -224 720 1 10000 0.12380000000000002 TPS_LOW
R -256 720 -256 704 0 0 40 5 0 0 0.5
g -256 784 -256 800 0 0
207 -224 752 -176 752 4 TPS_LOW
207 -224 624 -176 624 4 TPS_HIGH
g -256 656 -256 672 0 0
R -256 592 -256 576 0 0 40 5 0 0 0.5
174 -256 656 -224 608 1 10000 0.8069000000000001 TPS_HIGH
207 -224 1008 -176 1008 4 VALUE_DELAY
g -256 1040 -256 1056 0 0
R -256 976 -256 960 0 0 40 5 0 0 0.5
174 -256 1040 -224 976 1 10000 0.5792 VALUE_DELAY
174 -256 1168 -224 1120 1 10000 0.6584000000000001 SENSOR_DELAY
R -256 1104 -256 1088 0 0 40 5 0 0 0.5
g -256 1168 -256 1184 0 0
207 -224 1136 -176 1136 4 SENSOR_DELAY
w 176 704 176 576 0
w 176 576 192 576 0
w 176 320 176 464 0
w 176 464 192 464 0
207 192 432 144 432 4 BSE_THRESH
207 192 544 144 544 4 TPS_THRESH
c 64 704 64 752 0 1e-7 3.3035619675115657 0.001
g 64 752 64 768 0 0
g 64 288 64 304 0 0
c 64 240 64 288 0 1e-7 4.999999999999871 0.001
R 464 1040 464 1024 0 0 40 5 0 0 0.5
162 464 1040 464 1088 2 default-led 0 1 0 0.01
r 464 1088 464 1136 0 1000
g 464 1136 464 1152 0 0
g 560 1136 560 1152 0 0
r 560 1088 560 1136 0 1000
162 560 1040 560 1088 2 default-led 1 1 0 0.01
g 656 1136 656 1152 0 0
r 656 1088 656 1136 0 1000
162 656 1040 656 1088 2 default-led 1 0 0 0.01
207 1056 384 1024 384 4 Sensor\sError
207 1056 240 1024 240 4 Value\sError
r 1056 240 1120 240 0 100000
r 1056 384 1120 384 0 100000
c 1120 240 1120 288 0 0.00001 4.838555150837923 0.001
c 1120 384 1120 432 0 0.000001 4.999999999999486 0.001
g 1120 288 1120 304 0 0
g 1120 432 1120 448 0 0
R 1296 160 1296 144 0 0 40 5 0 0 0.5
401 1200 224 1296 224 1 8\s15\s-15\s1000000\s4.838555150837923\s2.8960000000000004\s100000 0\s20\s10000000000 1\s0
r 1296 224 1296 160 0 120000
w 1200 240 1120 240 0
r 1296 368 1296 432 0 15000
401 1200 368 1296 368 1 8\s15\s-15\s1000000\s4.999999999999486\s3.2920000000000003\s100000 0\s20\s10000000000 1\s0
R 1296 432 1296 448 0 0 40 5 0 0 0.5
w 1200 384 1120 384 0
207 1200 352 1168 352 4 SENSOR_DELAY
207 1200 208 1168 208 4 VALUE_DELAY
152 1360 304 1440 304 0 2 5 5
w 1360 288 1344 288 0
w 1344 288 1344 224 0
w 1344 224 1296 224 0
w 1296 368 1344 368 0
w 1344 368 1344 320 0
w 1344 320 1360 320 0
207 1440 304 1472 304 4 Post-Delay
R 1008 672 1008 656 0 0 40 5 0 0 0.5
r 1008 672 1008 720 0 100000
c 1008 720 1008 768 0 0.000001 4.999999999999486 0.001
w 1008 720 1104 720 0
w 1104 720 1104 672 0
w 1104 672 1136 672 0
s 800 640 912 640 0 1 false
g 1008 768 1008 784 0 0
r 1008 544 1008 592 0 100000
c 1008 592 1008 640 0 0.000001 0.0009999999999985576 0.001
R 1008 544 1008 528 0 0 40 5 0 0 0.5
w 1008 592 1104 592 0
w 1104 592 1104 640 0
w 1104 640 1136 640 0
153 1392 720 1472 720 0 2 5 5
153 1392 576 1472 576 0 2 0 5
w 1472 576 1488 576 0
w 1488 576 1488 640 0
w 1472 720 1488 720 0
w 1488 720 1488 688 0
w 1392 592 1376 592 0
w 1392 704 1376 704 0
w 1376 704 1376 688 0
w 1376 688 1488 640 0
w 1488 688 1376 640 0
w 1488 576 1520 576 0
w 1216 656 1248 656 0
w 1248 656 1248 736 0
w 1248 736 1392 736 0
x 784 667 945 670 4 24 Startup\sswitch
207 1392 560 1360 560 4 Post-Delay
207 1520 576 1552 576 4 FAULT_5V
207 656 1040 656 1008 4 FAULT_INV
207 1520 720 1552 720 4 FAULT_INV
w 1520 720 1488 720 0
207 560 1040 560 1008 4 Post-Delay
153 1136 656 1216 656 0 2 0 5
w 800 640 768 640 0
g 768 640 768 672 0 0
207 848 1104 816 1104 4 FAULT_5V
r 848 1104 912 1104 0 1000
f 912 1104 976 1104 32 1.5 0.02
g 976 1120 976 1152 0 0
w 976 1088 976 1072 0
w 976 1072 976 1056 0
d 976 1056 976 992 2 1N5712
R 976 992 976 960 0 0 40 12 0 0 0.5
w 976 1056 1040 1056 0
207 1040 1056 1072 1056 4 FAULT_12V
207 1232 1024 1200 1024 4 FAULT_5V
r 1232 1024 1296 1024 0 10000
r 1296 1024 1296 1072 0 10000
r 1296 1072 1296 1120 0 10000
g 1296 1120 1296 1152 0 0
207 1296 1024 1328 1024 4 FAULT_3V3
207 1008 -192 960 -192 4 FAULT_12V
178 1008 -224 1136 -224 6 1 0.2 -2.914350708760338e-7 0.05 1000000 0.02 20 0.015 0.005 0
R 1184 -192 1184 -224 0 0 40 12 0 0 0.5
w 1184 -192 1136 -192 0
r 1376 592 1376 640 0 1000
c 1376 592 1312 592 0 0.000001 4.440892098500626e-15 0.001
R 1312 592 1280 592 0 0 40 5 0 0 0.5
b 895 -291 1230 -149 0
x 890 -297 1241 -294 4 24 Example\soutput,\sdriving\sa\srelay
x 1263 521 1385 524 4 24 Fault\sLatch
b 1258 528 1609 782 0
b 980 509 1219 811 0
x 1007 500 1168 503 4 24 Startup\sCircuit
w 912 640 1008 640 0
b 1054 130 1437 464 0
x 1079 122 1228 125 4 24 Delay\scircuits
b 763 948 1402 1202 0
x 819 940 1111 943 4 24 Output\sdriver/level\sshifter
b -14 120 449 854 0
x 16 113 235 116 4 24 BSE\sFault\sDetection
b 418 976 705 1182 0
x 499 974 662 977 4 24 Indicator\sLEDs
b -293 171 -86 1225 0
x -286 164 -111 167 4 24 Potentiometers
b 250 -432 777 -146 0
x 370 -444 556 -441 4 24 External\ssensors
b -330 74 1637 1240 0
o 122 16 0 4099 5 0.00625 0 6 122 3 121 0 121 3 146 0 146 3
o 194 16 0 4099 40 0.00009765625 1 2 194 3
