$ 1 0.000005 9.78399845368213 23 5 43
v -288 352 -288 80 0 0 40 5 0 0 0.5
w 32 192 48 192 0
w -144 80 -80 80 0
w 48 208 48 352 0
s -272 160 -176 160 0 1 false
178 48 160 160 160 0 1 0.2 0.18307187914164957 0.05 1000000 0.02 20
w -80 80 192 80 0
w 192 80 192 176 0
w 192 176 160 176 0
w 48 160 48 192 0
w 48 160 48 112 0
w 48 112 288 112 0
w 288 112 288 160 0
162 288 160 288 224 2 default-led 1 0 0 0.01
w 288 224 288 352 0
w 288 352 48 352 0
I 288 112 432 112 0 0.5 5
162 432 160 432 224 2 default-led 0 1 0 0.01
w 432 112 432 160 0
w 432 224 432 352 0
w 432 352 288 352 0
I -176 160 -128 160 0 0.5 5
w -272 160 -272 80 0
w -272 80 -288 80 0
w -272 80 -144 80 0
f -128 160 -80 160 33 1.5 0.02
w -80 80 -80 144 0
w -80 176 -80 192 0
w -80 192 32 192 0
r -128 192 -128 256 0 10000
w -128 192 -128 160 0
w -128 256 -128 352 0
w -288 352 -128 352 0
w -128 352 48 352 0
